15
1 2500000.0 120 135 140 150 160 145 130 125 140 155 165 170
2 8500000.0 200 220 240 260 280 270 250 230 240 260 275 290
3 4500000.0 180 190 200 210 220 215 195 185 200 215 225 235
4 3200000.0 100 110 115 120 130 125 110 105 115 125 135 140
5 2800000.0 90 95 100 110 115 112 98 92 100 112 120 125
6 12000000.0 250 270 290 310 330 320 295 275 290 315 330 345
7 3800000.0 160 170 180 190 200 195 175 165 178 192 205 215
8 2200000.0 75 82 87 93 99 96 87 81 87 95 101 106
9 3600000.0 140 152 161 172 183 177 161 150 161 175 186 195
10 2100000.0 70 76 81 86 92 89 81 75 81 88 94 98
11 2800000.0 95 103 109 117 124 120 109 101 109 119 126 132
12 2300000.0 82 89 94 101 107 104 94 88 94 102 109 114
13 1800000.0 55 60 63 68 72 70 63 59 63 69 73 77
14 5500000.0 210 228 242 258 275 267 242 226 242 263 279 293
15 2600000.0 88 96 101 108 115 112 101 94 101 110 117 122
